6865651963994032042862475904082058240551686603415690755142072286276483692858859216551996831397949052425596527543497329524931051957985532649672787189939969, 56675840986588289779151399628665109544206965187383607540183654624100175652850222715609531351591930857297013101762557754054653468188474947808714920860944197097124518319909582749009052140181917454909791978716281829304447363100763220493380087300359117066211952341052188016434391911078651702564151839197602780887
8292759393062870078704246195890712141035217019080420473503349524990077319583450223689430048900431983360840093102110557679768858754750860427361373907556419, 58025945155910445946242313945638416961170680598979283807383501761491971525453090103313982761667346323109127760291224177761358732538361077790410722445993011901639943787784217136818102795843697257549479887850955843441355310071591956190878028180057174929545981865471550048846543946410024932023788018300885988469
6904460181547390990819397198235526391104689258337535630750255398423849175686875177800641820185789653961001325966424440984169656107195155047103469385083987, 58493984882047090759394143320733163046625296082228141061864727451152212790135703704569641450995018135323825251624215659943582989214944597565745334128447243313614878940372308395179935146623242797491208374049684528303898494307311727128274273761466097167852273229860940001385940216135228623999336675841480580723
6865651963994032042862475904082058240551686603415690755142072286276483692858859216551996831397949052425596527543497329524931051957985532649672787189939969, 60461916764984293782840298835487321516793941227159594758254890693689056869775992127893614610211778160618851353259705586672766880502276222554562293675753718841045067474823468533845299021070256275632694446431396847918114852833849248052570700755079212272836835152020307959888301117609846831494036614339683062609
7192104839255699951397878226944322063469252422207628590247999422876958653331286049385727926799205976319801074888924586587338856033362397170733474193649073, 60594214800579861647488154894594725700788465849088448257948298528359071391250186342206660065184280136630901257988606056992928944784093790748760329076503966110736451481091872557851540473539286290641998774660986009593059993492738124778688299649104197689544319304839866174987624979219885165659056887114857544579
8979686167830971086648637108464833873008936689453083389543582152365274810237151614683656931331985614227451643659749745761454769504997404690017786849623613, 62487942381352732906073379168971843707931067561493658655891707145374527926174504328771914894881853005045332886875490487612420023751869742404800833614450646989140273407912433322778852587557913067340123606592123591839627736901012417648439344538261044082460326742110119503099423398457592216849182853993937317191
8920086697977557312392118148750363974252391546530947543032585192191107733983930516836940167844922169945726075256678985932436312713655400711112998797768257, 63281544386477543140465672289660339302385060263885559647213157012726095056188859916803448784972007987207839901965156021862993039693051462175817411068663071651155408417709317147031901911424462951443581549483914059106655624761567427473473902517662160829676651209269121550574985633879100664611673904886943492461
7832055125087817583601134517919563962878267622870386569926104502784650838452699840342667246464249794068229246875175986013242793425491002622621355586379451, 65864550056831554761599194490542341592578998302280097914609920503906522772446181217861304449630003246728977530996735630815795196712327804213112909140968482302266518601129499762885001467804192260606571764619545962874911505583586729098750500913456206957644377166128862427386896929167534236623915179603463192063
7192104839255699951397878226944322063469252422207628590247999422876958653331286049385727926799205976319801074888924586587338856033362397170733474193649073, 67220595894146539758352725743534486083644425016759269982578767344074636570526973078138113828453011370295991102191327341078821140799143769872828201885785439474783182428414994233021564346843778291468626368530016089505190837116102333876860833044127163873686525474887049715871556380435357194714695279525557468273
8170077632533164242051757278470228660933363317708216661199216499948328176166196014518550481718292452301659227383257562074798864354332242167430903352110253, 67317609800084773631050150057672269827146277860292538809317061029074438921312859610245361073361812500397390181938179542671930090543023257828851679780415792054846452769664709867624801355034540896090548582569650962709571103634838258585727768914526476138797734790606363941349860468382158949364355761502433580473
7832055125087817583601134517919563962878267622870386569926104502784650838452699840342667246464249794068229246875175986013242793425491002622621355586379451, 67999816095489726227946727793421807850834038640598567127712231385083610221461961040708025718853203118100346695634467395252635741338255012953754976409491433026972092293934633599070011500195188329705644192470236074385334038146728593093036528646566609107198224254234554274964577920571105741462567126392597305311
9740742208887060429357970264520420720326011849874313411047329020507458755529258425161447613295936605056450096818471969906462999959493780132174653785236207, 68110143857619374073538388505466038279746767284602328581967205001808708578456568220874597479435275632543998455987405009367872532814920575391297944430758782974977895620810516230594555753012652639581662138998566548394575814221804275552611958571587131609977024606569549013604846061695457728716790483700903522659
8979686167830971086648637108464833873008936689453083389543582152365274810237151614683656931331985614227451643659749745761454769504997404690017786849623613, 68666784727528189965447722257920785968845069946499332913356930733549282964351909245105121045097257597050817590770663063848554601441174167122805341295520690421072213327630758983645732189226251178989340532459492045400513026929486526864673278834355034418689463687807429800431020490105834401123021724559674846671
7998259933723844822775395145063753407755776825570034420679405538337040610719439293166973068458410289521962878604922217203400614467158600383951781682185789, 70491759392505576641150559306840887303112327522927318506811647492288987959309069946199367126943343683109981719774126020178086088222139823242420583120139794205140971166727506309279752586345370928176786964110893402749620007579689653675088461460725248620863180721316255420474626297976350723356974220614807884233
10366212241980693944475444002224775823092878879086536306065782181414515178012320655157037842611122767286281787765121369429139763180920725577641707478935773, 70790394384048868655218402890322860595006884657270201465396998130932945094787803027178332743390289107603092577344284713489695647868685743138009547378449101973943909970827988513359377534146511570826112513104269194300026830507146944055430444468866470647127937784523286032142079238853039172063579950661361306509
6830529424441551218702211713776433610981244684449877789569598805716195319257045935137226146305132318629768096775642532098900785235478310449878914859810669, 70926733991964422699081679623537999857617409083000859125337950222867210072711732491338553579005381075767586578152307608648403020710973984076999767857577666400663886403050747323119984668883788410053838503060014501514557679887751619074706610293763259725038174756233390809705606197722695354424490066436262028197
8585119706746136987287160855133368090733240151540858010160794999734107438807474370000601126253380485999111660095810903817683313297386446512153000935007307, 73081774933770553958831950175236185801828905510460570973067948795669407187448353404078223906481468581446205748389342474526669756495675605925608963294634380116904968039204517985644885270766641879864460020462961005824461635832092875264148181485586905752503131197352539318845231729675237043311112458319533627359
10878412936062733325379063994894622212135423253810247984937131081209036597166227616467130689517797139360375712888290746743769652939598166688442902930420509, 73213303164062785833153040364854939301497571323924634935771036315404152944750331752476776234021839301233001225011899795030844148891534975964191268665563263529315451435317545116704859493888908186852685996527202394643223797852439970916307673987402589639913180482883359718428950467428924085661554964796523471587
8124105238279017508025866139679814544371081981169074255458637915446083335856057155646279085567819298307360425820920233602708245714978600444247689148985701, 74151441320366881304395770408053146629871689083341427868086878604547102414121686470671281680283802950275653622561303320363165708385646301808989780528414389200055718269565559231909695586489546336523565139843599899743920084250033448537860719988217262550306074050315706413316490589415855565099714270137593982733
9541390363785864465011133775317102966491822799083495089400036775702535163669077015032817726255412892303044530380120516638594939799710909482993641972173459, 74651628987481798871225046807876400944215339685092678896051696609921180162236609074734795959555147359441626290581586407765709108598361574780838483943226879143404470428230934117934894377205827016341397114058555982077687588388754969527726974591452886382959176209308671552029665468935674948243617341601807958179
7500302366163963269127727561815303743973260326290534875024376859300441640347789423879215186519699829890832503300484368845670360615774510035948369554308443, 74905853920970811005689750447378966289715745952097430572068513534144178625149474654632522818048539546150736259364388552519657237007717204996201069972236950232081362147835322793300834555455948276465665716923981155869300372128464363608154591990289921693269082239433881561219186203140024828498300088275269916461
6904460181547390990819397198235526391104689258337535630750255398423849175686875177800641820185789653961001325966424440984169656107195155047103469385083987, 75434229030585919059390369811833711233369302785281979828907043383257094510741690441599655034620790711118214366383214928671675525147636533078242517515844992780530072965327586631174105786615324137566819490773679985087779642411933818903782122475770584158094496723382920958684336877463801344760780381374564810203
6830529424441551218702211713776433610981244684449877789569598805716195319257045935137226146305132318629768096775642532098900785235478310449878914859810669, 77096060061142370665892370777202160141106703146475052433991507019355040732514136471172499876814532222697031522020617542253679596291688594993921672374743109635257296181068808435266130732601457003861762803939127061791237278891911880756983906768134120724882956194910795743604225398162860490336852727452577236659
8124105238279017508025866139679814544371081981169074255458637915446083335856057155646279085567819298307360425820920233602708245714978600444247689148985701, 77961089582380923861201113220876094172407851289426229339077249559022037637251678040823677315881230987579952189590918044285429733948448215552075115526460462207047445185945480544082882869362903695707030821573171975058659111145080416544351253719812852354046421991189126612263036677095880639687950742476473258119
8987600498774990802658369614637216247202083333677737649877412650012345890627708959688203597981676561731260428656231848476063961280146023185524312652825137, 79343903914304690200963950693905546541065615625093838765069418629192928878798133148802501685925197685137458821738878685630533942434796216384272099957407311185336924077664520224349219522715935351498773757230472299955914531902002546638880123130086192061295585071808895853126815457269273320009580777960986104463
9541390363785864465011133775317102966491822799083495089400036775702535163669077015032817726255412892303044530380120516638594939799710909482993641972173459, 81270350788641630377997888490218643838740649473723287853544120525607191907624836856633893377764705320273262558015219067069034743035707802231339892081223604103926695095941568756824261487807940467728387943581954883658570303794098755814802806561228472211284299871924621802164696104668712420235056838559833462297
10644857020310297684739923153496440431599877476491565648482010721951467441735031283031506465195873824909413013422371689130330738168093899340246976101243971, 81461690076577439393501487075548585174881464147831252041362428366356640482931723546001973905674705754175138311046156049567970251801694420037277219167007391317889450297220456676142673828527240944457478809247800735115323108793528108475302309317220254694716229949240256218937641494273017230230167313021087395943
10285795488798685468974391266720876561211265882526355225261639931722004745837007284358281019443012336785684945583825880365166890843080320597203654309758141, 81731507752040623016919909944012162835670941450750441476598967437876963083695641226156517605050181878000042096176648681484977433886119187921382946760681452151700774298724330229323918337834738081686633102214977237345854459303950146856855535389904248155928079384092772666562063277350023340884531021309397818209
8170077632533164242051757278470228660933363317708216661199216499948328176166196014518550481718292452301659227383257562074798864354332242167430903352110253, 83928122946975953288762390486084384698003923389029884829181266620799503086684204878653078708606671515393778305324611176767823284186713309185726554674795121215681036356385359740825025017551029091059779935395373622319138352155394026254390320196369232161338926966266642075605753942892513940224971100291055141629
11827040277991385331616214850398184003335905953570524664290608443161437143517188162684221440999525724898304500956566481140175254299525100457988564429950231, 87023101209135589631446036701945910811766150110488857310252048249451571758589460357666667978359400747252291272377895311987691725339166399655750606332616392245476837605108961434406014328184040765598180914459098238138699625312609503964603982510129516025170317382389103238611825830590476447068376024347692046023
8377173577603244354314307681697752855494208875220640500336498919265121141436994112085480103775815334466578905725233001374746110644779210850102088167902057, 87269954587457305483695617259641551732747173348245371525197908064220184055512038153894713825792010499897799576415475824059127108989875335621726910662563386649553105022315258557277128028006555564988241481872900568625290043899058260319426646240997529663615112289978419555109014480209085050636311151924674020351
7500302366163963269127727561815303743973260326290534875024376859300441640347789423879215186519699829890832503300484368845670360615774510035948369554308443, 87517977998701218375755163032414244232842729549622216257880565237600373497500019962548226248951237753857338301700998826756933133706006657567694517683737186020116409528707913340678200972360436341073040911421050367487664628770655636325700772955864336484440533169418147140836683971846713720072902518921559564411
10456950096129414630151963924157763439545263189499230351227430077181768277599060813502454198908237174739519303599211947311776845745898722513380780427192891, 87685860040631296497453058495621788069059394352463671155140852667805570742633603201142399731997894221281921508643191779065772540394528092310080423966358587233842149224654920539830903956456136230291687836148204974802498394772732736988738527141859635478832722389257926324271019765817917152795939606374290808773
7998259933723844822775395145063753407755776825570034420679405538337040610719439293166973068458410289521962878604922217203400614467158600383951781682185789, 89198864263078746815407442998982855328557400067169932582796392668367246977527372374246862955085962080261439056014133962203546036996196924545891542845538788851943916265084737029699250196085787337798994977985250708868029863071959471435875145075583619821070050642202192747104801297820069726254339317939648178197
8929986785055584773537291071724429360405534001940141071448030862429868644644211207124853488615220143974819751980591351639790128593464905445058251907303403, 89288308161932839486138886862080166417811190133721975642360392272190853666905504397307828852878955509364606566944818661255188823129454028642316251503465307183105785005978689721440195680709807985060436953985660427132487183600317838320268364912866937718783728867360643324982883727384916615806266421852448183973
11402438733087308750652704430201496692465252918618922610160903234607234273439996767205990532227297495806424145172778214428018773138216035328655205865492903, 89551806082160917579724472618387496734793376553817618139137827596028510083091232136282811603705179600346197835777848616381318723152735132411589084611060011352441505402720035679700794436218665355024499517337770295758672314182933597741156214668941725684399607801401480338743712589322312842370473566562394223931
12813227961598763262116072317295977026697541378730154529021107625868113636411672629339141579699842190904976720529223305654299799857760870864563042194271983, 90091279666231096447302120592656363388833023890114835245857710710422033874541844999014855998788223092742080219973300031729613490483744690291672388190436291955669295129348970116441167139799254991799241559507233728869003225707700815552048094122799327213112313213012003087649871048310695121120044491502634800323
10769062603504452325608756518542754028975825620526873622598315853396006545325483131370015873807440343897549934209024533314858857338329919274344095899233521, 90204053933853142345773208409816056832940961889230178077281234507612649428936072001817572669501812233400661856819787201438579589241965715972787983627135951534103198887279350944719594190744610816255058770241029046977676527561862806313042462399988239247975164640628372985184772725268827450928281846293015459597
12820645877111184169052100358615742890306918670595675769204889579977875030380884789047695597410839846914639231633635727247987070390040333931063491175591937, 90669204497400014768033229154453910599742345022848112949277127036613214487110107325283951280409052564547761028393581123101374509736279451868194261413730551204502881324780668082241340459683946218641958126670055796258932939984175099342508466025527327565831769225850123517962095306494578721162551353342690271871
9504716917914984634002657251883180622771973390800063936054047156509654830379973910859428130077361799717220790719093549631634065770708897961037097411405507, 91986413166196219911873718888674544399853687150310554949459053304967558923122032979226404540423888643986216095656883065383841586383165238835496727919140073349394528216804927703557538127562053566570143658087610391210536619671822701714687749663418546090097964859108729808782949349857503055672227714322945145391
10690265292193809664411046206567059024992678144527217477915002447691604748559697073709872394116281408395296376177975771832475379108118457524052405951893649, 92031503942457338584277002113767838299934224937388398249339290676170009624524621244669653404460308600285057666152205958099671253790713480817839443586996432744908487737823422158889839994234150829664105141490056636701809485633955241165251021533679253958276470149107922406453171857827217965458865778087706599037
11964933375963736040301581660071069935466977880696810373529592178699116638499066484507706254091783840917662273090417975119481057678703748026213280243373187, 94657480301444414547592584262406422834388281157669852548536405426811625636731676900001268728615312097241304202600691624749161091107244698155907285600233146609442234615143753672894039827764767105747273657333207662823153473399158548695375157047796247774413266543242804125674516243185576907527621064404252708533
11612422840767138636421196642851298057700397719558276424090725831704041227113187700946088368450192321116662886333511408224874009487920018376457703924169277, 96217920898743582107073792969483986399240083369355425519087886191706878834108832552925151226294122409120095969431080158605324050744930174682819630045702867736415104164204896970038778287664188433779482674640650993922289850838186611531304325860321536049132415083719239407643816827120610785547789024396270378557
11676033411666373276296658237316681091556361038540829922718661914917187863512599077244330337857928659466474040569780908460662452675338701982778674812496711, 96763550315391614098928530655805736590793928073794700268410187042693028515816326182929624307817654453597623999541158339153026479442847582139889052200450249202825228901213981132289535567923890312697455722041405084083886953419798720711151759169469400186518534278182465998753147856846805653473585648131977625801
8377173577603244354314307681697752855494208875220640500336498919265121141436994112085480103775815334466578905725233001374746110644779210850102088167902057, 97615972839385802717003360460665616894079946018935202335938469147327835313858531818903068729178279052404483823653569477936759603485056279831898743845268088619070657459600536259312719154406840818376823733451135360303265800845905618827477131218121511610934926703623174066197324445786182978288502967984396775197
10644857020310297684739923153496440431599877476491565648482010721951467441735031283031506465195873824909413013422371689130330738168093899340246976101243971, 99988238923457598936345525348146684853315327361153216603453953294195712621295757316038858558971008567055040291295098015359037699155908410418193777706739593017726622194775561614398352503631568293143546420724445761374064631816600342435201050301887289112034938255032438562525582179561467159822334064136124207541
9504716917914984634002657251883180622771973390800063936054047156509654830379973910859428130077361799717220790719093549631634065770708897961037097411405507, 100145903252365310875097514030043937942385934116960191711480871250348421671255642029907749324695651192920426133960024811895701942180118455524290050295631407409353793584251010478439616957252031613295304468325946544483326058338522480126306378124721309688930482818242040339772387515759298462797729937616647348581
8585119706746136987287160855133368090733240151540858010160794999734107438807474370000601126253380485999111660095810903817683313297386446512153000935007307, 100250043391543022744213706370278902205230531634620651220494770491583254613024305204996876245954847681823698247923378127905814836587417349189469268563294056416162234841941506960571491312079971080115229304179039966284761620910915613594116707194702437509427244751318512664380364188353681566837324975719621407107
8929986785055584773537291071724429360405534001940141071448030862429868644644211207124853488615220143974819751980591351639790128593464905445058251907303403, 104053112789876863188767706983960863499722121822030903658397538424234848666754784554634471006882374386970399364396257426845412683917801548888370225711551802274136904241489750806147707603068957120620941300628725012718711060669161370754806344161433349342071746866452421321706909828954638866820418422551376370921
8292759393062870078704246195890712141035217019080420473503349524990077319583450223689430048900431983360840093102110557679768858754750860427361373907556419, 104224046515445709571762325124077088585336335773227624274477392849407885360387373244018165231113429055547002407417026469260592631862966363057355016654725882589479504878287798648160507044682515259344044350269409132301320825231007626702974065988713579484634425137407113520094382147237055881831277933420432793169
11676033411666373276296658237316681091556361038540829922718661914917187863512599077244330337857928659466474040569780908460662452675338701982778674812496711, 104281506096132399370632073638744502755671472207849171627950337907636869286591268594639925675101718704989575436173108246919342794586967643550965509966329570451072284209184784782139765494347090383419510849977183091367927939433228810467423119262722161094789357332854917914104638562234902172482676252260125034997
8987600498774990802658369614637216247202083333677737649877412650012345890627708959688203597981676561731260428656231848476063961280146023185524312652825137, 105287619760057252046454296139268319887899263413796841299125721623059950166051176285307656850391096503536785293677348262656622483851991502040107411571033417728387969282510608481738532878729946966953254800424105176273507192229612774583132519510128488452783329953065264497620709322276475240727855235002602510959
10366212241980693944475444002224775823092878879086536306065782181414515178012320655157037842611122767286281787765121369429139763180920725577641707478935773, 106487923840139061317494710009588517067534759466011902693608099209052509709231487438372073863651447840289392463267664232452821445347762221929256816994842248189092417750738515842700467972344475015859272244806252617646372170908921876793502591924951945666824081181066819397373659036422128082658539277629779899769
10778998638482825914559402688643915820520520022052339701353357151299989172615225749655262561724461979371522918438012307895563985714033876603043954469225449, 108570324722581403171319736092660332178784601549967757613161735557667965838224347494566880286147001466930766868337674212079539109672631678587271606573396817679565836095961004428977649196168930057404702218511831594599571958828334289545528634184318571255415523190074607152741650934992167653098692181735642490177
11727127420119148614598601654300292150955886617028446148617956295859532785453664511890601700404287118403067898018227427557843892171083830016791100805738621, 110010569846503725123862209126942398729661195794797756500470729181306985075876089463366670547975606720331828433027647177981144044003617024638091252917439666166169932197881324360103097800828884518833696401258565713270108652681878169255626569810154324569646686419295870383868961641164882806602420687184788899233
10778998638482825914559402688643915820520520022052339701353357151299989172615225749655262561724461979371522918438012307895563985714033876603043954469225449, 111691678040496495040399281026630169457558699120131355567570106416042787502217871460126659941999085758158133957067568171904658099569758704212975185378361955486284337016060240186880118203541418361748562629020851134736470783744815167640933086361821135640056130993381010443695685634673812923763293970703179989613
11964933375963736040301581660071069935466977880696810373529592178699116638499066484507706254091783840917662273090417975119481057678703748026213280243373187, 112785498769675548363536079576800581245791735034473385519511927697297054712365026485104265596957814861607727520538505905720649609535797428639855308465973478062760593470895394655766678755297022849898665398415624098995595174330194219556926882915880824069695496792894968216647215784025275347733896392677130179607
12192991947284273690681262041613406449194699830450117298382986951303687076322362100728827368679033268315028860122492498610290458441423772383668468495976777, 112982172928522603168768806697622075016818673114148161879553348156132077496375412143826561344931395571602019404887200448035308145277724776195174753829248972687948257273173138946470851208608797536758851245332156111468641407729258753106603556962455217539105255590308272734545508292357029115583454910938830226427
13196152104019226546141055503721130814317148922778801865392530729517685977479395314051779165229081425522784195774461437876651671597204480096189851913114631, 114042286712676979277969824832124934665160789294390908795345024570791576348295118390393470282703465012613513233806232032292663432674677103035693636234628844117030676343999504923502741305016909524964370304455700836591438983412459088595336525529973924340197159981513732786327314429321625226559441028283471067249
11789359801802597716037806714959774005702669333495424908099001456739453108012639553583587982008863662894522027078544779834243209593718104420170372545855299, 114107768966357959499650025284046754366646294224989545643086291425692132685750770451623386390930379177990641164684380243958817574767842801960175840123307842570671399841637671720321218473535627666295505508223741468613460818444652718181895626768552752257808826624137132196873569506141032433244272791894582216041
8920086697977557312392118148750363974252391546530947543032585192191107733983930516836940167844922169945726075256678985932436312713655400711112998797768257, 114560241505008057809674043486066534562988518640111799083588824838576357269344161846603798285514876617210687253660714605111433345419566143068574909060949329232014366674803687684848170078157214465253939308258786272439491959361440005811583829749663077449526667312368460546859519823249463381461185633272968805387
12879933915139258975613773919067957933802164983321677866595678187870145327853187970276892100076392686486475586908553952195227241938744116695538515579218371, 114628608364603787170368607679167340552164217775001915490528075829892687459688684877825065759540896372705936307221451550646254066466073474001258096411314440228176337593411744749857692812202593808186846114499038617164112310644141773133111851136653989581896079170308379937821519785578832724434768535006864704763
10690265292193809664411046206567059024992678144527217477915002447691604748559697073709872394116281408395296376177975771832475379108118457524052405951893649, 114665133959438696631854794127143505104895190800474181230302239263056573356395906883673472916624868909250643811809920581773840339870872225239733523313252160536647420616560908597357841212245180370518177857133730530072447053307718048276279808899379929083483712898319780342702064383715928633427429397297415228253
11727127420119148614598601654300292150955886617028446148617956295859532785453664511890601700404287118403067898018227427557843892171083830016791100805738621, 115153502793976444103406649336322075801512472462361951261806306135454431396003244536344498056974920393673151930642772964768779953296608880746411220637876879622414549833478238838825677463296139167589546978760350672912148492383998626900815607939859644990889904991833065278550444377288321766889144168393686808391
11005472725925336801348938182850609522377058583186359594274541792547022445017831863159219701392394848162614320492999624049468905529279598935052718336709291, 115590375569141919716251363160704349595499961123987358915601255994555234277368139346663199950197628484983875293639310862363789783627016124442570449850327522412205083535604457005291925094248864235236677633265765611777126228687819797312547387697967806800743283882992456306588891909350702726364677384400720130009
11827040277991385331616214850398184003335905953570524664290608443161437143517188162684221440999525724898304500956566481140175254299525100457988564429950231, 116210573505370827772428940629996927978739331395665270511600594017630684405987980027412812831776119114917967828488934943952444005241098856125446462799052598658263048804965310141630174645054855496842995227491176984995173961044397335601911733427901762813949089134478438346520185104257256837016939452145574461939
12820645877111184169052100358615742890306918670595675769204889579977875030380884789047695597410839846914639231633635727247987070390040333931063491175591937, 116750605388168372589948309344349794251616889455029477424359209080308489468598033272821478091894090862047086263838997082971787430529867010603131299731274230331951469151837518046376953337999721642368970615026773055926238036103252472593760176409540710446093851779448800338104251643400088849890449020232903289961
12274602792288300911320314410270820827382909695570587163865600172025600917408316639566359832798661564299793374769152981488686121200069488719974802520798501, 117820611111001975829244317713650771955818429842778358821199081823483179177153170975398008441470294717215686248461161035752339218552371438910480325244531927098787360454990045604388614054747158706087335765676054742257277759034511591434312873378670191991804911227168245687775469329265174560290644246512058828121
10878412936062733325379063994894622212135423253810247984937131081209036597166227616467130689517797139360375712888290746743769652939598166688442902930420509, 117902292233858330136479989901831623973334855361369972639528649315483451585882376749148735535445127987645462663879615532667587791769149335487564044748802173546889950897422692408540709647246715773108366618185181047442680644130144585503682081575484894382286446972782296344611825950473448490959729731486765982071
9740742208887060429357970264520420720326011849874313411047329020507458755529258425161447613295936605056450096818471969906462999959493780132174653785236207, 119057320045881020010298416622421190714728861115611157549286929712603687577789356341571452649076746149461440502385853629531141818580097763929570317894449755993555962722431774974800170041835196600771862750851677686657989175071075637252641007112699669435931802850089064473429390885779407515057443923020186831221
9769724843736615862980999828217407558308968961826145184630962057035675312687899734337543500348207443870867113539835375770185145186918407038075569954390127, 120226017609575142310546455295662640731427490304982220349312878957149745934573185800741211126218702237338808151412294762777846739317693955298853435859593180361636682569432306439520887600147287743205967774745570537350900529052078313423291477919218205632377976999756814131927675852896508187367038225227231953091
12330361035215344467093023142548962553865888260211091057086855724885352772489141179395874074007115340410040442321271471361445961877530368358309458237010217, 121896229229010131450917597854121954602467482756053281688482328490699301918601467443089453711070602487248410086230348446989066619096521011684388582484289151077970773794403295501764671825468110037641382054633751829365855473063068251044252062772014897923993139050412584111441615515438723382425889505831397752927
11612422840767138636421196642851298057700397719558276424090725831704041227113187700946088368450192321116662886333511408224874009487920018376457703924169277, 122522185611600975410314153405895871556493238372923295373438265611077042859128872733135795718196893895683794994688311909975865339300399676873372902603958924311016462259641478984282699846187948841538736109076992467901468873812131964976846903342777224949573035958342437295762705979036782231591512349648903437981
11611453302446862268976747491732502779836477367379757260742093009118445266552760527560507915132693746859946965464348794375436943781555115181825592555066133, 125240791758380494722677942294763535332013190949797183608245403769168790343639013070851371891431355884076151016020600102049926486831294036034391925048548444324967632295136012321157861062767956516136533893316628657315431137511158000416618011136064972568249665288662050691182674875417088257969647960522442705971
12274602792288300911320314410270820827382909695570587163865600172025600917408316639566359832798661564299793374769152981488686121200069488719974802520798501, 126610122593591975774299279761745854149126903326761556929330795839562277955377643037298396120163589978383613316117566644700999467185961985448742083516029584016622011816414194488919815516695531656934156598782359582948233542716129941844359315765317887261192731101768922698528216344203648974549855291037883309489
11082228152833050915266562522215721660632274786372814214216212662064635280347360580534477999109581265967896104694876747754303388310198148582248686346175097, 127080164666611843693712907219756286280214954358253279739658510406065070503125020959545971494315731495753423202088828892107901942564264289394495442475951335742145506179088770678774902937971918116766345064453138920445241153058160970634499782860003727616429665124436266393236680152300604335335931686853917891551
12990009625384910867551698157168926343993705601612261419226330422728864291749974271231134493989633733707479138075412029224852953845610319226568861031819881, 127723760150175912680538223389698345910468519989703048677489935975089859762613878995742019519755954096013475830951607242500556571279385289617144080236983115396171307559822777558728195886809416849706744271770567957054427583234831976458318605667377290551740606352102110539748029783808885657810836206066414874137
10285795488798685468974391266720876561211265882526355225261639931722004745837007284358281019443012336785684945583825880365166890843080320597203654309758141, 128652202245551016056373856236329815902016010733711722283534644193406940354793155213523302695161878067066464323157955281868849071108546816807420360688279760704241143456473616035879447893498091463332568885042686663909922923300986916607760900261591217648303967673941037469481283159752997141109440843497375548791
9769724843736615862980999828217407558308968961826145184630962057035675312687899734337543500348207443870867113539835375770185145186918407038075569954390127, 130203127726954526937857193069972807507523061988730916928319603168263390956054931095341314562173645098710007394082293698339457234147753375563033182178394648788127317345516062979283636714387296810394378185357610712992102206827760745754429559691104103191080742497745352776887884580827740306776644965293452460481
13254481637622064850951110028577759279585434482727168114614295031436921284369946451630190145178058147207592713077405936633319828976315023397970268121489811, 130426200911604840050010889582392675702380446645642534346620045836307105517673972884393608727895391162879208225143721488408448887037988129392508625429092270115179255808957718999471655177581492871273640402038392728632308386661483699020842351599367450744102649485345270179757423054228395614599690130334375846461
11789359801802597716037806714959774005702669333495424908099001456739453108012639553583587982008863662894522027078544779834243209593718104420170372545855299, 130608480952229834861631833262807507677187229096847516388092155674734149143553412367527511001305216252866214816317707745301560319423123668067313810235204684894922014883064406612630604090190047072196411944182549769265872678301901117349252367500963364864964123776878263029569105219788400168093339743814828910981
12192991947284273690681262041613406449194699830450117298382986951303687076322362100728827368679033268315028860122492498610290458441423772383668468495976777, 132040556650096603544373334881198552767698536665545031082528935836995045374402432856106886151301380113340137518370950263103132204597640016980663641534186736340508732162630614226452067166106402235955473597040993196316615673510271574472783914114727033906029418609846003268550671944219266961914011542789869111409
12230365584986922841439678329306681586722245143249676500430312230805967025003568323171873953116448018697665056449638799110382733737076283465451430278605601, 132345846598396171359943388393436940569782760041056133978317263627083234642350291487530742833481737702994449582754187131089516243493899611983669208261429123701548960037326103550558876252511558723895799658797590208767587895479013834582135917966025202100673744064213421200096821862768119725780707097854233363477
13196152104019226546141055503721130814317148922778801865392530729517685977479395314051779165229081425522784195774461437876651671597204480096189851913114631, 133320226194782948665292562707572235063218996300963774404980623938363800289251585960890478221193354752839952488570854357885029657662908597336146094283764309482457412399271217256791602221043765578469457590589957148666424711473610981900263398270822175191483040600530211000744157420508840786996855896265679702911
12879933915139258975613773919067957933802164983321677866595678187870145327853187970276892100076392686486475586908553952195227241938744116695538515579218371, 134107503212018891223869416148924572334331672498686424833914647971474738823687581193101473357391608891631495598086486682060263498842490046656057768380658139024230960992572642605028966998890584279020324638790313667741430760854963916317894620906373222009707009799604386331114898877348460801711926581157414265601
12653570402978662509279528323489422878992962248579121802398443435482613867399746958280714095233794056103856742646194092648706794360360802666971384082169499, 134309083245518966002106143782956971521318725148569718776991435559138672772715422029553794118642423487138229284797635589337661625798969983555714299436177205947080547024041355989069752249484541197923880110341963727679861252663925039700950627951061183872585323020061738424090883355130145477451037553811275133899
12990009625384910867551698157168926343993705601612261419226330422728864291749974271231134493989633733707479138075412029224852953845610319226568861031819881, 134860437227154762366045512722440100037220135399678543387683357311639638750767873825730757471644637341866216260842658104178521244037772099912417406606156992840875285494626905559922113940294848029506527002067412984104138364405285977800901845342352036509021578150717412532369820152579813614544082745183413323337
10456950096129414630151963924157763439545263189499230351227430077181768277599060813502454198908237174739519303599211947311776845745898722513380780427192891, 136403041188338880647385330235367378444569770103139316926454178189524804635847635895891149779194411251671493105139705974621738068791301131777678357566383441471300742749521834924647233951122958596056178818416355739085570858825796373723798391440965156543471362233782380702507751280430756610624697928142459182607
10769062603504452325608756518542754028975825620526873622598315853396006545325483131370015873807440343897549934209024533314858857338329919274344095899233521, 139673107212832944515932074781839341101530118549614523899319229365878445825418182967327703691471373152032193477593809396879988332018310766772798055681708644619662058478044717711243601226099527321400273972332742655190248306633453012860800876678227808681420544725926885593490781251116504998585559350764007767029
11402438733087308750652704430201496692465252918618922610160903234607234273439996767205990532227297495806424145172778214428018773138216035328655205865492903, 140318948455496220430155708568083100133107271378734042318306531874876718221636278440115308198798379912829876729886608382916888437415751831914471354086056595070973047279480797029971473144943483677639834512790808300060350124353395515629147420225336122724265861814796801042509785951545838586345275121217698540441
11082228152833050915266562522215721660632274786372814214216212662064635280347360580534477999109581265967896104694876747754303388310198148582248686346175097, 141841890389619512997412456102910610960798636706034463534318553492944329624623459595250620065771915451250780053656395037443589153062481316753768838746196123827600923941107454296553245569164860196818586757457406517668938435486935829858782110686437784936773849139746001348204767048878166848560724719511023847593
13201528932565963608803073934755479926575372931475607045433101611375727158250360806981430681113254956220411119837131060480083743672908042818605718301892787, 142075461173175161113829713165778745230408757566184938786747372474972881232025950041180563635427030345347881567944699141830994380271665423771663301596538698103943902899905790404522791973421465418457594147698963532717896561256817526099455539701977869685008787280121946939449393414386783743491381826858659391347
11005472725925336801348938182850609522377058583186359594274541792547022445017831863159219701392394848162614320492999624049468905529279598935052718336709291, 142766107397119991953229925035116480679787579749194368038496407634738752458983347279590616718486109081908378594849506075519113571359686845795124761020250142805037675571243548621924936364908139138040673798101771963617843115731577664147340617194852689021479560653511160905959158173629455066107795075723984701067
12330361035215344467093023142548962553865888260211091057086855724885352772489141179395874074007115340410040442321271471361445961877530368358309458237010217, 143241224699183954786875273258197306895754729387044544025882107064421115007389683461296558411351335497712790040493706186287730235067440990405609495531948238376924321989849585617152282146604168710057775692177657446932433139467858468532195750011963375847664045525009777694497285809136934597070866528479380057499
11611453302446862268976747491732502779836477367379757260742093009118445266552760527560507915132693746859946965464348794375436943781555115181825592555066133, 145269326730713855195302403892878733222942483379727938339132532671569196532042487522809615400959861461270768555195134777379389640473494995991064956358056582041614862781186134469413948842518115632784767403626655872096526216582350059020382978896584948971847436859030276276448289212416555181341696816952940173941
13254481637622064850951110028577759279585434482727168114614295031436921284369946451630190145178058147207592713077405936633319828976315023397970268121489811, 150876405698669581631270119022477938835070433805161003308512336269670341069735803005480226212837537006405555476375679533114927054298169434945292215875733437698874369020149049934959913113183331984647170208197360896323313363068915979230875259068913306066118137718648377833816688717443612329039899763986401254081
12230365584986922841439678329306681586722245143249676500430312230805967025003568323171873953116448018697665056449638799110382733737076283465451430278605601, 151584588266752215700730917127754761537479477496896353099618762882125995886066685249611373611905120994121387077597654194883293911465960072396895842574562358280487923970790902780101455905610184289797114862674804345865988644488158430576555583464236159351400767394877000661387137619593082567724435614559809315853
12653570402978662509279528323489422878992962248579121802398443435482613867399746958280714095233794056103856742646194092648706794360360802666971384082169499, 153210097234849727435916383778074046978786122185821127019380079904337032831575831975013091475150543882966309274781257901997129178290719288051118052266561864301274611113588721308620802820868904780095223618512083093929920238882408312417612625852771167402241954165349857227427919194414719814799979809583943871201
12813227961598763262116072317295977026697541378730154529021107625868113636411672629339141579699842190904976720529223305654299799857760870864563042194271983, 161813209387009590834885575647714672146480868800295408139891956402241404343930207504073211909734314097278562836116205512067918602839000974929142873321906567984093420450141934586540451041808724965792621989359463081830283701744680671368825539764339171805978157565521563890352005310259326758493327976211036528111
13201528932565963608803073934755479926575372931475607045433101611375727158250360806981430681113254956220411119837131060480083743672908042818605718301892787, 173139890091462628664170436251819703749411659604783623622903225190007200867386852050249020022005865943922025480784318727898989145741826031005718250972067237895675210424784766468046599351071202011778733662537580517076316088616438517139868805855044294224128157829587171800550869268023816325615972394073471167713
